690 11811811

Graue, V, 55.

(1111111111, 8, 110181,15.
(111080,1,1418,7.

Grandes, 1, 681 11, 411 V, 186.
Grandi, ΙΙΙ, 55.

. (11101111, ΙΙΙ, 451 81, 11.

Grave, V, 12.
Gravem, V, 50.
(1111111,111, 89.
Gregibus, ΙΙ, 46.
Gurgite, 11, 15.
(1019011018, 38.
oneraveris, V, 188.
(101111,11,541111, 14.
Guttur, Ι, 17.
(1111111111, ΙΙΙ, 993 V, 6.

H.
11111011 11.

811101, 1, 50, 121; lss,70;V, 176.

81111111, 18, 51.
810, 8, 73.

8110, ΙΙ, 151 18, 19, 391 8, 5, 81,
. 87, 108,113, 111, 163, 1891

81, 41.
8101001, 8, 111.
810101, verdum, ΙΙ, 19.
8111101, ΙΙΙ, 89.
11111110,8, 154.

81011,11,61111,36,51, 114118,

191 81, 58.
Haud 1110111,8, 171.
Hedera, Ρ10109. 6.
80110000, V, 7.
8011000118119110,1’10109. 4.
801101101010, ΙΙΙ, 6318, 100.
Heminae, Ι, 130.
801111,81, 16.
Hercule, 1,1;11,11.

80101,11011100,11,11181,83,41,

56.

801“1111,8,131.ι

Heroas, Ι, 69.

80101111, V, 180.

Hesterni, ΙΙΙ, 106.
8011010010, 81, 591 V, 68.

1100, V, 75.

8001, ΙΙ, 17118, 94.
Hianda, V, 3.
8111010111, V, 176.

.fflc‚pronomen,1, 1312318881·

108;V, 1, 54, 56, 57,76,81.
131, 174,101181, 11, 60.
810,α11110111.1, 19,31, 50181491

81, 11.
8100,111,103;8, 17,64181,6;.
8110011,111, 77.
811,111,161 V, 16181, 18.
800, Ι, 14, 111111,701111,11.
85118,1,9,3018,19,18,11,
66,81,114,153,161181,111
800 paeto, IV, 43.
Hominis, 111, 116.
Hominum, 1, 11 8, 51, 98.
8000110, 11, 74181, 5.
Honore, 1, 119.
8011, V, 48, 153.
1101010090,81, 18.
801111101010, Ι, 54.
Hortante, V, 21.
801, 8, 69.
1101901,11, 8.
800,81, 8181, 61.
Haecine, 111, 15.
8010101, 111, 71.
81110010,1,9ο.
8111110101, 1, 31.
Humile‘sque, 11, 6.

Humor, 111 , 11.
8000,11,1,19,37,38;111.911
Ν,17, 11118, 57,78, 155

Hunccine, V, 155.
87001018101,1, 31.
8711010119οο, 81, 7. ’
Hypsipylae, 1, 34.

1,11) Eo, 11, Ν, 1931, 116.
111,11,711111,9518,97181,16,11.
11101100,11, 18.

Idem, V, 66.

 

